max_leaf_size = 32768
rel_tol = 1e-6
abs_tol = 1e-8
cuda_device_number = 0
gpu_block_size = 128

input_data_dir = data
input_sample_fname = alpha.train.csv
input_component_fnames = evttype1.bw.train.csv evttype2.bw.train.csv evttype3.bw.train.csv evttype4.bw.train.csv evttype5.bw.train.csv 
out_fname = result.csv
sort_rows = false

alphas = 0.5 0.5 0.5 0.5 0.5
pilot_bwxs = 0.0032 0.0034 0.00029 0.000345 0.00005
pilot_bwys = 0.036 0.032 0.034 0.025 0.025
adapt_bwxs = 0.00255 0.0039 0.0015 0.002 0.000295
adapt_bwys = 0.033 0.047 0.03 0.03 0.03

